1683758535813 249699.61429545007 0
1683758540041 87491.1364174646 0
1683758543933 87013.27410524123 0
1683758547970 87039.64680528887 0
1683758551916 87577.93792867356 0
1683758555897 88058.34927058045 0
1683758560192 87088.27785488585 0
1683758564431 86763.33374034704 0
1683758568761 86395.95181947136 0
1683758573087 87067.7228659407 0
1683758577522 87509.21028337878 0
1683758581222 88237.43550270585 0
1683758584724 87793.15554178038 0
1683758588198 87826.32140274638 0
1683758591634 88269.3956196831 0
1683758595104 88786.1266589661 0
1683758599713 86097.8034608574 0
1683758604510 85630.15710223647 0
1683758609438 85593.72864837466 0
1683758614230 86110.42100413554 0
1683758619211 86493.6129363394 0
1683758623394 87580.38373835252 0
1683758627460 87134.81626571261 0
1683758631586 87120.3193995601 0
1683758635655 87671.81917016678 0
1683758639717 88135.2237363683 0
1683758644876 84735.25776536757 0
1683758649888 84188.3751486822 0
1683758655402 84279.04072764398 0
1683758660336 84612.91925940027 0
1683758665469 85162.18596419008 0
1683758670197 86565.40767146276 0
1683758674611 86100.54941633139 0
1683758679132 86105.50806184851 0
1683758683744 86591.7852048101 0
1683758688821 87002.89125813213 0
1683758694429 85921.9171258166 0
1683758699492 85472.37994574207 0
1683758704762 85372.78182484051 0
1683758709713 85919.37231588746 0
1683758715155 86321.63416385786 0
1683758720053 85515.63448580456 0
1683758724748 84965.5509215701 0
1683758729751 85033.43716689471 0
1683758734411 85449.13512463415 0
1683758739072 85921.04060378621 0
1683758744015 86050.83954379772 0
1683758748989 85588.55626485315 0
1683758753871 85521.38579697815 0
1683758758778 86046.46060225205 0
1683758763801 86446.90488117457 0
