1683758535813 0.03295776370764425 0
1683758540041 0.660387849391397 0
1683758543933 0.6636016516959479 0
1683758547970 0.663088972556901 0
1683758551916 0.6597913927846538 0
1683758555897 0.659998493409882 0
1683758560192 0.6619516153730804 0
1683758564431 0.6645679355967609 0
1683758568761 0.665580572040489 0
1683758573087 0.6617733937312165 0
1683758577522 0.6621187703004042 0
1683758581222 0.6574909589438132 0
1683758584724 0.6605865849739734 0
1683758588198 0.6600439309394218 0
1683758591634 0.6571053297924161 0
1683758595104 0.6571884769768803 0
1683758599713 0.6657963149946939 0
1683758604510 0.668948861993532 0
1683758609438 0.6686857987128523 0
1683758614230 0.6654921651568995 0
1683758619211 0.6660400864611385 0
1683758623394 0.6600414203035614 0
1683758627460 0.6631317626766883 0
1683758631586 0.6627767069673678 0
1683758635655 0.6594266981233332 0
1683758639717 0.6597016739214101 0
1683758644876 0.6710852744584257 0
1683758649888 0.6745228743816146 0
1683758655402 0.6737746619424017 0
1683758660336 0.6713094177084937 0
1683758665469 0.6711808502864347 0
1683758670197 0.6639812274544019 0
1683758674611 0.6671302981118297 0
1683758679132 0.6667048149388324 0
1683758683744 0.6636222393725291 0
1683758688821 0.6640737153206672 0
1683758694429 0.6664790485715085 0
1683758699492 0.6695588376023182 0
1683758704762 0.6695410345054986 0
1683758709713 0.6662343201981855 0
1683758715155 0.6667041125555362 0
1683758720053 0.6680561057087145 0
1683758724748 0.671518267911742 0
1683758729751 0.670854561864147 0
1683758734411 0.6680610215761904 0
1683758739072 0.6682508416855151 0
1683758744015 0.6659786136540409 0
1683758748989 0.6691096932359799 0
1683758753871 0.6689658217286474 0
1683758758778 0.6657406281803089 0
1683758763801 0.6662204306222259 0
