1683758535813 499.6995240096293 0
1683758540041 295.78900658656096 0
1683758543933 294.98012493258125 0
1683758547970 295.0248240492465 0
1683758551916 295.9356989764391 0
1683758555897 296.74627086212973 0
1683758560192 295.10723111249894 0
1683758564431 294.55616398294404 0
1683758568761 293.9318829584014 0
1683758573087 295.07240275217316 0
1683758577522 295.8195569656928 0
1683758581222 297.0478673592959 0
1683758584724 296.2990981116554 0
1683758588198 296.3550596881153 0
1683758591634 297.1016587292691 0
1683758595104 297.9700096636675 0
1683758599713 293.4242721058662 0
1683758604510 292.6263096548847 0
1683758609438 292.5640590509618 0
1683758614230 293.4457718286899 0
1683758619211 294.0979648626277 0
1683758623394 295.9398312805367 0
1683758627460 295.18607058212046 0
1683758631586 295.16151408942204 0
1683758635655 296.09427412593914 0
1683758639717 296.8757715549861 0
1683758644876 291.09321147248966 0
1683758649888 290.1523309378751 0
1683758655402 290.3085267911433 0
1683758660336 290.88299926155923 0
1683758665469 291.82560882175864 0
1683758670197 294.21999876191757 0
1683758674611 293.4289512238548 0
1683758679132 293.4374005846025 0
1683758683744 294.26482155502396 0
1683758688821 294.96252517588084 0
1683758694429 293.1244055445002 0
1683758699492 292.3565972331428 0
1683758704762 292.1862108738886 0
1683758709713 293.1200646763839 0
1683758715155 293.8054358990961 0
1683758720053 292.43056352885645 0
1683758724748 291.48850907294803 0
1683758729751 291.6049333720106 0
1683758734411 292.31684030283674 0
1683758739072 293.1229104041276 0
1683758744015 293.3442338683304 0
1683758748989 292.5552191721302 0
1683758753871 292.4403969990777 0
1683758758778 293.33676994582873 0
1683758763801 294.0185451313821 0
