1683758535813 353.93407963398687 0
1683758540041 174.13133140607036 0
1683758543933 173.94353849332555 0
1683758547970 173.4808110535826 0
1683758551916 174.24253558631668 0
1683758555897 174.38808249349637 0
1683758560192 173.43464824072635 0
1683758564431 173.38114308880887 0
1683758568761 172.6506700971168 0
1683758573087 173.62347717592138 0
1683758577522 173.7128047325874 0
1683758581222 175.93751147743234 0
1683758584724 175.79012183290513 0
1683758588198 175.29978140809197 0
1683758591634 175.83411831419866 0
1683758595104 176.13702536638164 0
1683758599713 172.53296654355532 0
1683758604510 172.30028362516006 0
1683758609438 171.88875588571202 0
1683758614230 172.6835684454627 0
1683758619211 172.72936889649583 0
1683758623394 174.20093070444094 0
1683758627460 174.03121591747595 0
1683758631586 173.52340574818697 0
1683758635655 174.30248924228297 0
1683758639717 174.45104900350867 0
1683758644876 171.49680227776773 0
1683758649888 171.17226377970553 0
1683758655402 170.8915213169325 0
1683758660336 171.5734731192516 0
1683758665469 171.67317148642843 0
1683758670197 173.02519759046288 0
1683758674611 172.8123121360539 0
1683758679132 172.39533860148435 0
1683758683744 173.18985420498421 0
1683758688821 173.26114080090935 0
1683758694429 172.3364933648226 0
1683758699492 172.11496554209435 0
1683758704762 171.65979490937562 0
1683758709713 172.46806781628285 0
1683758715155 172.52134722287826 0
1683758720053 172.15166297224357 0
1683758724748 171.8802098400089 0
1683758729751 171.55443133600204 0
1683758734411 172.25718815969395 0
1683758739072 172.34027540630177 0
1683758744015 172.4814823606927 0
1683758748989 172.2470172493841 0
1683758753871 171.81732936782592 0
1683758758778 172.61296123646753 0
1683758763801 172.66856105710116 0
