1683758535815 0.03295776370764425 0
1683758540272 0.660387849391397 0
1683758544177 0.6636016516959479 0
1683758548211 0.663088972556901 0
1683758552173 0.6597913927846538 0
1683758556138 0.659998493409882 0
1683758560490 0.6619516153730804 0
1683758564755 0.6645679355967609 0
1683758569057 0.665580572040489 0
1683758573399 0.6617733937312165 0
1683758577849 0.6621187703004042 0
1683758581426 0.6574909589438132 0
1683758584916 0.6605865849739734 0
1683758588394 0.6600439309394218 0
1683758591832 0.6571053297924161 0
1683758595297 0.6571884769768803 0
1683758600115 0.6657963149946939 0
1683758604921 0.668948861993532 0
1683758609851 0.6686857987128523 0
1683758614653 0.6654921651568995 0
1683758619631 0.6660400864611385 0
1683758623646 0.6600414203035614 0
1683758627724 0.6631317626766883 0
1683758631849 0.6627767069673678 0
1683758635890 0.6594266981233332 0
1683758639949 0.6597016739214101 0
1683758645244 0.6710852744584257 0
1683758650274 0.6745228743816146 0
1683758655810 0.6737746619424017 0
1683758660736 0.6713094177084937 0
1683758665843 0.6711808502864347 0
1683758670503 0.6639812274544019 0
1683758674930 0.6671302981118297 0
1683758679432 0.6667048149388324 0
1683758684066 0.6636222393725291 0
1683758689196 0.6640737153206672 0
1683758694850 0.6664790485715085 0
1683758699923 0.6695588376023182 0
1683758705167 0.6695410345054986 0
1683758710157 0.6662343201981855 0
1683758715563 0.6667041125555362 0
1683758720384 0.6680561057087145 0
1683758725096 0.671518267911742 0
1683758730100 0.670854561864147 0
1683758734743 0.6680610215761904 0
1683758739439 0.6682508416855151 0
1683758744435 0.6659786136540409 0
1683758749414 0.6691096932359799 0
1683758754277 0.6689658217286474 0
1683758759167 0.6657406281803089 0
1683758764188 0.6662204306222259 0
